592688,505897
881955,508047
680141,803575
498838,416950
578071,43966
872415,739917
1003284,230136
718214,339730
185810,610998
710067,519866
198950,7831
422822,227434
896570,546313
553088,204888
971745,627342
334408,586434
516617,541690
324821,820921
3682,644992
84453,195644
108861,448259
210681,689886
890599,6520
726441,1044419
297507,902772
725733,56302
714801,477858
271945,1024522
432566,216276
94424,694610
434695,89955
634294,708123
760811,914478
25623,455534
648047,501219
377693,360568
341125,859241
169359,700419
528709,53044
578694,480265
838936,398275
901086,467814
743384,910385
632954,1021927
379101,818585
988799,205734
616983,33847
969747,735522
332523,796570
132510,679623
898308,946132
986182,430003
264070,151934
904266,787748
684543,558482
523101,913829
535829,315243
591511,179504
571026,916220
86128,865191
468325,938781
217432,874908
578650,507895
148674,535
439262,560127
312592,642836
4007,761495
190124,737719
764222,438852
72109,682671
976765,707985
961950,158490
522633,357680
579784,20006
777625,282462
1011444,727035
13501,10409
923630,375562
123140,564283
10022,310666
200441,946733
772257,965118
471535,112934
384769,185062
694452,629074
442291,995118
641384,590315
149638,288464
408470,852982
403854,684296
590731,692340
1016585,355265
951465,150061
406804,129656
98005,872295
444990,771457
14450,963106
742076,447910
1038120,944714
829373,812897
205204,378873
948595,778349
71487,454964
823998,235059
163500,731614
751364,921503
814857,731709
245125,959779
583655,820319
615818,743998
586166,798407
468037,870551
522522,270124
193432,63940
774641,923328
247036,843300
327891,278108
16570,405656
509694,989177
80892,52435
1009961,262247
959466,117724
325975,435131
971953,25784
754379,476379
771478,924069
657759,962739
619093,813337
839428,297988
68320,69834
161499,328535
362528,832551
383307,893848
156592,846684
320446,944867
765093,599940
599291,678032
532797,555256
286971,167186
10224,549027
436190,477763
954024,389637
206832,261804
929797,683052
769571,417524
497999,203009
710411,396048
416624,391040
30816,146910
715382,916229
949329,1028310
861547,213889
825409,169716
1009629,435349
879714,654761
668501,614322
558212,255073
402681,1024998
202902,464766
220937,1046757
192744,177651
680531,341418
510681,976190
1007031,674431
191131,31382
281798,359839
25061,945421
208619,427397
486886,401391
311854,208862
515193,500296
742221,541824
630166,1033282
488750,496673
833065,33119
401106,288624
338146,793287
941482,53281
904305,129959
1002985,587474
221262,132734
882579,911897
439972,612671
940370,291058
585287,1004472
26032,719011
143184,88888
55351,862357
269317,810077
303601,882944
156106,756751
562222,729132
130914,116515
162050,706807
696946,381091
640699,856225
254513,488906
860843,607583
281682,815039
84984,790253
763854,400007
973993,1020543
602813,879209
813577,34692
911737,1036461
65945,333660
84362,467705
270570,985805
718358,489673
633246,178454
449166,128315
838217,764340
841219,687174
30291,747391
840431,689560
9477,1009025
1042328,327857
180156,593910
878326,602503
244718,817678
892145,358099
289731,790462
294656,667474
1043310,265595
874413,644523
937453,606946
594986,102220
302517,660619
414508,963953
852203,872646
710486,947375
534795,196284
983564,975561
245650,187281
930103,622630
167909,655678
145252,58936
382711,834433
515571,231991
243296,433138
583795,483333
450356,357205
203518,225188
390342,276358
542554,588962
916618,102115
627165,775653
508588,1015759
1010565,862657
196209,762116
187999,815576
461411,156045
372832,759850
345671,399855
180977,884436
985157,87715
747253,391814
258856,78626
53686,1030182
421254,716798
617249,349480
320675,111107
689398,478004
971317,872498
106730,956168
834019,17994
619917,318548
22004,822783
152232,333820
853741,52578
168438,842874
828187,47570
580768,851047
1019276,313302
60562,725474
744424,165226
329376,221798
351136,840183
977870,940497
1002819,151743
909395,958638
1000530,652488
219848,478610
497365,959302
190683,901931
146924,600164
855304,235721
674819,842937
573022,775571
377306,615667
1014787,1012543
451937,601214
1017369,94198
286854,992075
850157,447563
405084,631510
700838,875902
1003177,471656
508310,39404
732830,750302
375307,268663
837041,412370
162522,983495
844502,82083
1039674,344769
959703,707862
673615,161301
748685,891465
122521,920007
185489,695408
582870,906410
308376,884601
278330,290
98806,527039
257956,916031
282583,269874
677476,826631
940979,413429
499047,622600
575949,700436
993021,463255
101951,788
456494,81356
871628,894806
246416,533568
741594,568020
642215,935571
127802,728689
818804,124997
92421,346153
85854,965130
975264,377270
144326,803464
73232,493226
1013913,518344
433438,208353
997072,423112
633435,199447
200814,650626
714213,328397
829050,382046
740335,849928
155836,459106
831825,568680
796776,930989
895494,703723
610968,488846
766797,733196
793196,880975
350513,444540
846050,679948
801436,259155
46556,583735
252840,1031110
376461,699940
194467,259474
234870,628692
1019770,81626
353095,553552
366940,349968
819834,653663
102443,826449
992550,976878
327690,703779
156039,496501
435560,707782
264674,576200
137560,361545
625639,107797
912498,106333
749149,935060
85367,406885
382445,929066
785885,143484
915195,120463
637156,743996
128765,456384
255300,1041362
470911,805201
868979,530773
261085,79355
21648,301782
224514,184565
848189,377941
450552,763392
987256,582866
211108,931779
637462,116739
810543,64480
436180,354716
245154,394603
348195,798981
1015251,452272
203620,906281
289120,998653
22591,146568
21613,309478
602029,853512
860183,749497
242360,798686
780533,539429
112266,942322
400572,165591
615195,390724
530706,199820
930324,30605
181956,1034859
455070,968680
709902,481457
444033,686718
228455,610174
980439,352592
916239,1019749
951437,473831
492547,531332
642641,267839
364099,667232
436776,958338
2864,454471
416934,151358
850580,561401
232172,585054
1003073,905071
717255,509159
625039,925184
943630,412029
767670,66752
813562,593932
270608,266217
426854,23634
914256,750128
379980,322023
710759,358235
623908,263265
180321,901886
365822,899938
255098,982090
978913,362753
871161,923348
468638,253605
970660,935355
360100,180860
904594,423473
438619,145927
976341,382028
126074,274581
604374,228642
799819,40826
143780,753580
946499,523428
683808,544373
987181,368541
744177,109334
541526,551015
249187,66957
980816,803725
142255,895227
328602,143003
552964,98531
55876,91288
422776,567789
331184,974478
513622,230247
443632,7407
226973,784122
80343,212924
801620,839389
553890,856185
985389,334733
700964,675490
273971,785740
506839,856301
453308,198395
659625,681952
698742,99240
505909,320581
60271,659922
4156,244426
924447,93144
1047413,374962
972532,145177
896361,336013
427158,129077
909780,267581
923143,46484
764222,981251
855288,231065
355483,383511
813866,307506
652172,176729
791641,437558
583552,468955
467747,872648
955961,74920
395944,962361
715607,903364
34282,473132
610125,650903
721107,527215
75228,981770
542883,991972
858961,689212
73405,330489
500242,802689
996678,1034101
755102,304446
187581,842309
270575,70553
274583,135040
436300,619381
463671,318039
1009132,344536
604928,5316
416078,550674
698090,490640
470811,374782
654601,866097
202338,1040768
642214,532234
975964,562662
189420,1049
906621,533518
1020665,942
974176,552007
509698,887474
979780,586640
889978,892969
160265,943736
230039,73215
527684,931341
747855,862416
777429,220758
977099,1009729
305520,23457
893590,1006756
150250,302437
843048,6159
270502,157617
446021,146574
149863,152154
222070,938814
284089,62343
669227,949233
201632,755233
908940,884651
22202,231311
1032359,793784
268757,892807
241569,382481
6677,273458
167367,52476
879639,280735
514772,694023
990490,6038
40798,737380
755949,118034
674170,171592
441770,1040698
69296,1041243
222048,511076
112350,750692
965773,895160
525932,846403
411658,810853
935945,451320
682528,270503
256882,910013
957647,37854
541498,226194
758521,160470
381729,626991
412369,681373
806829,599389
349731,947960
39355,526493
390742,401413
989772,330163
565898,571618
368523,167679
64554,612160
339946,547774
142652,806769
288617,197680
884775,814125
610739,133947
935460,493904
197938,861588
633988,971318
228453,300684
132310,653472
556774,76952
497035,922144
347889,881712
187151,27324
521989,846380
526669,1034499
880945,995268
896654,1039654
240313,435541
124676,763515
724809,246445
339936,361679
623254,239350
1011121,241985
815695,627854
276416,229570
534619,229622
869798,974145
13034,193441
297133,1037678
739467,49885
1039508,279126
489076,899361
812627,381337
1038925,1045001
196536,263868
596818,995794
395377,66082
392278,933790
881620,939120
109840,1001185
197319,810430
862571,694861
958092,29836
158962,345884
741315,21947
80677,876054
993475,815038
176015,562370
245633,457981
714119,854050
447905,22281
148501,1040370
139452,424514
330270,587989
630242,498660
101859,686569
953690,491235
619829,946748
291582,697046
290052,569634
579622,1015579
740301,500974
975331,982970
1605,658059
994664,322823
763112,49553
663757,888510
585578,167891
494569,965489
883933,764168
1042402,713029
473148,741136
53265,520595
615745,522636
247867,670154
15610,887750
106168,269536
985103,187054
35044,234985
729825,787829
758097,127500
182442,3710
550291,657821
283477,662488
497919,422489
557415,815588
188051,586475
933476,359656
893517,290397
102437,604753
859550,807176
139565,289989
333583,672595
792747,975601
182074,708131
164052,39856
389150,144416
759652,450417
812091,970474
687787,320037
695433,49964
1020689,773753
942854,466681
597534,728903
661466,521764
815135,68104
525377,496962
395540,448942
466192,946391
793654,268229
809599,413596
414552,75457
358378,907321
31911,827240
55448,714894
733616,704697
592432,848579
540244,143707
310853,151166
167234,137066
208524,491320
1038779,150459
198298,763744
643049,822269
177810,1031941
283062,307146
348176,585735
408078,781223
578986,800076
747423,15867
625068,576056
231095,762260
122466,466881
373613,471742
918764,929942
104033,785430
773087,307834
148079,442908
1040414,953245
806209,345403
926975,74704
70469,767057
430259,452274
378268,545522
973516,6510
653749,248192
829765,379000
158403,431827
415722,789424
534779,675482
117455,554377
558433,563635
658075,374909
513852,356776
263388,10410
79283,996129
542449,115364
204976,100224
506929,921510
1035347,635116
160471,859893
886059,1022243
295838,237542
386598,100049
197017,521252
134817,340680
206484,530923
435232,721521
776304,661153
1008464,299716
358692,775883
117620,123829
477649,281986
440856,916076
218360,933578
36551,564660
125196,922007
973759,329486
98048,789563
603424,616520
920540,555991
724901,1023268
460123,49597
313110,601703
713621,302138
460449,988132
784672,1048311
155384,379244
43902,882214
821905,1045310
605115,631552
961655,712031
622084,287626
912716,572033
289634,946038
766081,200304
194151,631757
583057,838060
839251,140170
305647,928690
514158,155562
48276,371618
946298,248317
302997,20298
166884,93988
811713,172882
490261,342343
714855,120858
609619,570022
341606,819706
598535,1018106
558666,296223
231881,382065
391890,684191
87654,754573
728111,450196
323367,445315
963222,228068
311799,188317
965659,818431
413346,556296
639875,544085
90914,85978
966083,500292
951076,286081
589565,48464
619807,212142
475721,982249
401688,63160
908630,611489
271313,736969
851409,86421
510291,310184
1011394,933626
384794,472491
1004415,535306
298152,169844
145540,170854
849192,137552
115838,169112
516572,796817
682236,350164
28520,551453
861883,83777
607112,433469
491826,483541
459205,157233
461801,431526
696209,830061
116348,660414
667589,585522
406897,902875
153048,137799
885477,34104
958253,20413
910835,488515
890811,258895
413418,152177
385997,971671
480495,713368
298511,212325
348987,218884
1041417,289219
556353,471612
311081,519605
566549,574901
674260,805775
652035,173804
1032869,362163
496603,640557
739234,649168
680323,142090
287865,228689
520841,1039821
675079,988496
378336,497278
978180,30844
203692,134581
334492,709543
552697,140658
153514,590867
434792,832557
129219,370069
147268,126697
1037746,545894
808779,1041277
567544,709622
368951,855911
265958,277360
490359,394344
720187,830591
987867,761791
140735,816344
635073,867925
775501,332628
925995,947242
235664,586220
616827,476000
1021258,754345
991204,787401
109940,184997
872050,836176
261448,382839
384608,965804
600718,15587
804298,779451
433564,659073
331290,552071
241723,280309
31066,254802
63333,809133
263046,1002029
728796,634515
847649,712337
503039,963045
323026,167923
198098,72045
588412,445921
457200,354711
562740,424736
666963,663651
721079,949084
654858,446455
142183,125056
712882,617113
311195,271931
277312,229152
889329,698953
242363,369006
948374,559661
326131,31545
337371,595805
264643,592531
792363,175518
203572,829624
577139,997408
513299,399689
498989,458008
865458,1039334
506044,809203
811329,674801
971658,450018
894448,723145
524586,700018
349474,274192
487972,67052
830040,974472
788812,138153
292080,484070
304498,691012
737243,23925
272898,69185
56644,787629
199798,573722
593327,637654
321250,706789
195461,385203
851377,302203
346843,76173
899944,88037
105841,743007
529854,98032
981018,975560
724627,53322
132436,777035
968218,190726
234706,3529
445839,613741
66709,691848
839382,965379
838314,846324
958993,394555
897597,151870
803262,806335
352093,385601
306423,454465
1009424,417200
647587,250341
790659,849189
532953,482974
15577,809440
222302,329640
1036494,466985
398382,94979
221839,222932
21039,34065
799350,803380
14992,272601
731880,962999
454945,222468
958057,732101
1007834,717999
904975,626665
122621,679202
347100,743456
636331,637461
94973,471837
45194,449696
507877,921254
136186,770555
3379,558762
401565,457277
913590,880489
843093,571583
681833,510765
69037,498536
457764,602659
585069,1023996
426442,723358
702593,1008328
177418,434859
500626,853066
603757,817903
289441,563254
663349,240143
389815,1026818
855710,165219
57110,548951
148859,751471
